# This file contains the absolute magnitudes for the ZAMS using blackbody assumptions and interpolated spectra.
# The ZAMS is based on MESA single star models with Z=0.002
# I have used Kurucz models from the grid/data002/ygoetberg/spectral_libraries/Kurucz/gridm10odfnew/coubesm10k2odfnew.dat to model the spectra of the ZAMS.
Minit	UVW2_BB 	 UVW2_spec	UVM2_BB 	 UVM2_spec	UVW1_BB 	 UVW1_spec	U_BB 	 U_spec	B_BB 	 B_spec	V_BB 	 V_spec	R_BB 	 R_spec	I_BB 	 I_spec	J_BB 	 J_spec	H_BB 	 H_spec	Ks_BB 	 Ks_spec
2.0	-0.258406124579624	-0.3649391196900928	-0.09184037274628518	0.09915812847949802	-0.9437906736204593	-0.564517693868865	-1.0534121280782458	-0.5171701323915313	-0.7279149300646461	-0.7460216336102411	-0.5723314659836092	-0.49795563009124605	-1.008628362310278	-0.8363249601439606	-0.8005988030282194	-0.5391302236999919	-2.1431422312460144	-1.1456518745156743	-2.3900725851871893	-0.2557722262799458	-3.2562233877002638	0.00944613727132221
2.21	-0.7656307649976046	-0.8061409626747241	-0.562532257876961	-0.3282797077329342	-1.3720573707477235	-0.9712956071096213	-1.3874742837349952	-0.8333646918496534	-1.0241542971848936	-0.9774862357396541	-0.8343052143644454	-0.7088409478173203	-1.2529562027065932	-1.0402884444883835	-1.0236286854715884	-0.7314929491542782	-2.3502378525389345	-1.3115539695220246	-2.597168206480109	-0.4149611486930263	-3.463319008993184	-0.1432070084176326
2.44	-1.2683846776196765	-1.2461049833887574	-1.0297834523154297	-0.7555053370155962	-1.8013377515812292	-1.3807923594078475	-1.7285440275667427	-1.158335735207435	-1.3306847699378226	-1.2246085057645006	-1.1095145891573577	-0.9376377550879343	-1.512093628257099	-1.2626017760257922	-1.263321738248885	-0.9430394718349971	-2.5753724563442577	-1.498942804903637	-2.822302810285432	-0.5959826892641725	-3.688453612798507	-0.3184149198910089
2.7	-1.7371519961752713	-1.6628543356599361	-1.4661474082109505	-1.1607148790982011	-2.2054773453395806	-1.7708182325709296	-2.054536649265846	-1.4727175536828996	-1.6267678168735293	-1.4709828669725988	-1.3784455153836581	-1.1673848776400608	-1.7671315081123105	-1.4862707269333582	-1.5015114547838182	-1.1569533887899184	-2.800935152528417	-1.6914625688994271	-3.0478655064695914	-0.7826895711223276	-3.9140163089826663	-0.4999909088653942
2.99	-2.1787703918997665	-2.060893969597926	-1.8780555373536711	-1.5480908660772608	-2.5896570180591594	-2.144867881724287	-2.3687338719266284	-1.7785173495690434	-1.9147146895006772	-1.7171988166686698	-1.642534139572498	-1.3980884589862541	-2.019039037951908	-1.7111280641451567	-1.7386130061249294	-1.3728232010823274	-3.0269277295382	-1.88804143457121	-3.273858083479375	-0.9739930245393107	-4.14000888599245	-0.6865582970627794
3.3	-2.5959589115055404	-2.4424082510706944	-2.2677540874744606	-1.9194975630225397	-2.9551104580886305	-2.5043845196447876	-2.670656640476095	-2.075499864180898	-2.19323207905318	-1.9608262152422353	-1.8997520317632484	-1.6270373487008758	-2.265400192336376	-1.9343722798867382	-1.9717485113665147	-1.5875759324469716	-3.250127840615364	-2.084981210493358	-3.497058194556538	-1.1660125254341789	-4.363208997069613	-0.8740272654220271
3.65	-2.994741795192959	-2.8132984180881637	-2.641199568354346	-2.2807814824190036	-3.307321572541699	-2.8551645173177356	-2.9652166755316154	-2.3692098784412825	-2.4668926108143023	-2.2061739120065127	-2.1543677573879965	-1.8584628755003882	-2.5103203639293343	-2.160318707583395	-2.2048320185843884	-1.8054523552579405	-3.474307919869171	-2.286292267764394	-3.7212382738103456	-1.3626465311993767	-4.58738907632342	-1.066272695711314
4.04	-3.3756375559318585	-3.1739546276450348	-2.999036217605603	-2.632386770303502	-3.6467026223317296	-3.1976427541866945	-3.2527927174618894	-2.6604370886187163	-2.7359558825718744	-2.4533502189733367	-2.406537350381045	-2.0925249299317086	-2.7538970572539716	-2.38924772000657	-2.4378963891275793	-2.026838432735097	-3.6994546036273017	-2.4923562100555157	-3.9463849575684766	-1.5642930144710956	-4.812535760081552	-1.2637383398469
4.46	-3.7403506331256713	-3.5252157918349636	-3.3420996791733346	-2.974768127726231	-3.973152274146012	-3.5317669891426275	-3.531110563579007	-2.9470225431706876	-2.9972932985507503	-2.6979927756950435	-2.6523567077296564	-2.324499274241774	-2.991827910016536	-2.616271273808952	-2.666157264765282	-2.2466532426599217	-3.920422511974327	-2.6975046731384196	-4.167352865915502	-1.7651424269468228	-5.033503668428576	-1.4604447438749237
4.93	-4.090546797391877	-3.868705909822405	-3.672016384728286	-3.3095303178903395	-4.288104313180168	-3.858919905842683	-3.8013700873871326	-3.2299243704430802	-3.2519689586996154	-2.9409812011428427	-2.892768826791153	-2.555238875570716	-3.2249919179932824	-2.8422708053125074	-2.890418831681663	-2.46572835564255	-4.137960868222588	-2.9025624441575686	-4.384891222163762	-1.966055162836127	-5.2510420246768374	-1.6572625137107242
5.45	-4.4279905896245895	-4.206066964840975	-3.9907134387359173	-3.6383836600515638	-4.593460718097476	-4.1806400718596635	-4.065710066740368	-3.5104365688567443	-3.5021567388657306	-3.184295299947241	-3.1299831023887412	-2.7868365524805014	-3.4556147729734867	-3.0693552625932456	-3.112930374411535	-2.68607394047444	-4.354338356101771	-3.1096898041084935	-4.601268710042945	-2.1691470582819323	-5.46741951255602	-1.8563557969102586
6.03	-4.753262132435569	-4.5376698705988385	-4.2984933858258625	-3.961565264963094	-4.889204551051444	-4.496902689375924	-4.323410461269371	-3.787433978561665	-3.7468542320455267	-3.4264929774818143	-3.362741658207715	-3.0177957032401137	-3.6823076180537138	-3.295918841263663	-3.33214508359599	-2.9059979065850117	-4.5678902375389745	-3.316857964220282	-4.814820591480149	-2.3721291836436627	-5.680971393993223	-2.055334620374777
6.66	-5.066968915487292	-4.864214187004986	-4.595741603971999	-4.279637431893828	-5.175478023934175	-4.808192939904552	-4.574061541397678	-4.06094374143062	-3.9854335104081446	-3.6669091729672165	-3.59021891837521	-3.2473965180358655	-3.9041436888405934	-3.521237077717641	-3.5470139229158333	-3.1247840456514258	-4.777476082913318	-3.5230673830403756	-5.024406436854493	-2.573900077429098	-5.890557239367568	-2.252996331868567
7.37	-5.37015782241574	-5.186957784779931	-4.88360940678742	-4.593899686647313	-5.453425718204884	-5.115800980625239	-4.8189795469775945	-4.3326921079394145	-4.219244237868763	-3.907106531328879	-3.8137979012475443	-3.4772699914799876	-4.1225224701356264	-3.747042843279616	-3.7589589441404847	-3.3443028962249293	-4.984536179196378	-3.7302999088477646	-5.231466533137552	-2.776536592148285	-6.097617335650628	-2.451439195150125
8.15	-5.662780313413148	-5.506190083731802	-5.16190016480345	-4.904397465262653	-5.722688242622666	-5.419656958295301	-5.05744208135881	-4.6022611189859415	-4.4474206015476145	-4.14659775245572	-4.03248331417807	-3.7067565181850233	-4.336382604105794	-3.972572536229231	-3.9668391388074293	-3.563771065364169	-5.18787013451262	-3.9377849399652547	-5.434800488453795	-2.9794658974300803	-6.30095129096687	-2.6501716366088477
9.0	-5.94610688716379	-5.823464998491037	-5.431951642658377	-5.212871845041125	-5.984588224549875	-5.721509969457818	-5.290882056364353	-4.871098244089492	-4.671414320995183	-4.38699504296159	-4.247746793982064	-3.937303737831906	-4.54720576953806	-4.199225293524854	-4.172150540998536	-3.7844680985441146	-5.388985929075036	-4.146841068011201	-5.63591628301621	-3.1841853343350563	-6.502067085529286	-2.8509068154065895
9.96	-6.220166274847852	-6.138642696562803	-5.693670850859571	-5.519581347630269	-6.238907758408178	-6.021931259057286	-5.518793814461349	-5.139908835900905	-4.890608853399538	-4.628630669424217	-4.458871835374911	-4.1691516506694395	-4.754224669260962	-4.427138879795289	-4.374064580758542	-4.0064558608303145	-5.587009337746613	-4.3573472972245675	-5.833939691687789	-3.390548104328945	-6.700090494200863	-3.053506141080329
11.01	-6.485121302705021	-6.449997101466847	-5.9471088809748585	-5.8235492765231704	-6.485590793557165	-6.320686399575254	-5.740862467522348	-5.40995443826143	-5.1045917563094525	-4.872126660989069	-4.665357864061041	-4.403037775841132	-4.956893992452551	-4.65725357665027	-4.571981810506845	-4.23096235907294	-5.781300489101225	-4.570613141993401	-6.028230843042399	-3.600018916975371	-6.894381645555475	-3.2594838297154025
12.17	-6.743511292911655	-6.751719236839349	-6.195014888209046	-6.120174469867048	-6.727471886760647	-6.614380305357338	-5.960355737375855	-5.681499284196953	-5.316762106559456	-5.118728554109415	-4.870728079570878	-4.640961820317488	-5.1588003533021185	-4.892087502261642	-4.769569304874452	-4.461522307410838	-5.975588725688091	-4.7913395325015316	-6.222519079629265	-3.817966219275401	-7.088669882142341	-3.4746602130527826
13.45	-6.990224248628655	-7.0331568639151225	-6.431601987976685	-6.3987046026337175	-6.958350047882854	-6.892222581289085	-6.16962085134504	-5.942985550914645	-5.5189846212896585	-5.3567872876968465	-5.066400771365708	-4.8712916902342185	-5.351134800388913	-5.119862953856405	-4.957735829406735	-4.68639204988256	-6.160567780975441	-5.007900916537128	-6.407498134916616	-4.032704814567165	-7.273648937429691	-3.6872502607257833
14.87	-7.232300776620799	-7.293349425649815	-6.664607794114152	-6.657774902211903	-7.186332033040036	-7.152374826556528	-6.378244678818685	-6.193257295446868	-5.721321816519287	-5.5881119185986865	-5.262882491658139	-5.096749869793834	-5.5446304167725895	-5.3435887184134305	-5.147498324664886	-4.908848531367024	-6.3474722866736375	-5.224618892969221	-6.5944026406148115	-4.248494866998583	-7.460553443127887	-3.9015519925087445
16.44	-7.466601611758507	-7.527867782347154	-6.8904703340698825	-6.891274775227007	-7.407596255692482	-7.387666178884094	-6.581498171372381	-6.422872579656679	-5.918743243110747	-5.803177634748171	-5.454864110521046	-5.307783570127064	-5.733836288715083	-5.553933376802923	-5.333229824683579	-5.119495687846535	-6.530541223459184	-5.432453697899326	-6.777471577400359	-4.456155806864473	-7.643622379913434	-4.108331491022186
18.17	-7.692473073556587	-7.742978177230787	-7.108435428643371	-7.104713749315691	-7.621317630112552	-7.602614799915386	-6.778338327532916	-6.633389225602265	-6.110131083591181	-6.0023536157412405	-5.6411593218788045	-5.503868986812948	-5.9175313742609035	-5.7499495643188965	-5.513666566467999	-5.31669628476245	-6.708478547955665	-5.629057958358087	-6.95540890189684	-4.653263280105374	-7.821559704409915	-4.305048246662505
20.09	-7.9103457490594415	-7.941849289134256	-7.318922837380731	-7.301019186220101	-7.82789670768233	-7.799645997234737	-6.969140423461595	-6.825610663400416	-6.29584902119875	-6.186061817186167	-5.822122119372555	-5.684866229583733	-6.096064919354276	-5.930945862126187	-5.689152499473366	-5.498832502252716	-6.881624545469971	-5.811561122494259	-7.128554899411145	-4.836606790160789	-7.994705701924221	-4.488152387103991
22.21	-8.123161987237483	 - 	-7.525052580243333	 - 	-8.030533628310817	 - 	-7.157483503208194	 - 	-6.479594890873495	 - 	-6.00156277429508	 - 	-6.273304898304141	 - 	-5.863628727936611	 - 	-7.053976927804668	 - 	-7.300907281745842	 - 	-8.167058084258919	 - 
24.55	-8.328519351603441	 - 	-7.7241823756997725	 - 	-8.226448859976594	 - 	-7.340075547850459	 - 	-6.657909122484083	 - 	-6.175866030266212	 - 	-6.445556727159836	 - 	-6.033301708933933	 - 	-7.2216665224240115	 - 	-7.4685968763651855	 - 	-8.334747678878262	 - 
27.14	-8.527598323802549	 - 	-7.917524228790425	 - 	-8.416861764594932	 - 	-7.518203880070361	 - 	-6.832098883591435	 - 	-6.346358606086968	 - 	-6.614157325351416	 - 	-6.199521693779682	 - 	-7.38605415400229	 - 	-7.632984507943465	 - 	-8.49913531045654	 - 
30.01	-8.721514558619631	 - 	-8.106209665180776	 - 	-8.602903530068481	 - 	-7.693034914071574	 - 	-7.003340133229691	 - 	-6.514226387309861	 - 	-6.780297874661074	 - 	-6.36348703930887	 - 	-7.548344026332206	 - 	-7.795274380273379	 - 	-8.661425182786456	 - 
33.17	-8.910325832980558	 - 	-8.290235799928132	 - 	-8.78453334958465	 - 	-7.864399404882427	 - 	-7.17142107660716	 - 	-6.679218474144024	 - 	-6.943707657096106	 - 	-6.524902528688095	 - 	-7.708222345532276	 - 	-7.95515269947345	 - 	-8.821303501986526	 - 
36.67	-9.094025339518579	 - 	-8.469541824038778	 - 	-8.961657599915155	 - 	-8.032089440065176	 - 	-7.336096164158123	 - 	-6.841054641304219	 - 	-7.1040888567896046	 - 	-6.683448552258923	 - 	-7.8653529454123845	 - 	-8.11228329935356	 - 	-8.978434101866634	 - 
40.54	-9.273021432032074	 - 	-8.644508579809944	 - 	-9.134638746053573	 - 	-8.196409946474148	 - 	-7.497651096899485	 - 	-7.000003108616596	 - 	-7.261700884375641	 - 	-6.83937372775596	 - 	-8.01997632448509	 - 	-8.266906678426263	 - 	-9.133057480939339	 - 
44.82	-9.447541972049102	 - 	-8.81533217906005	 - 	-9.30365331600538	 - 	-8.357470722477816	 - 	-7.656173703171369	 - 	-7.156131540385923	 - 	-7.416601198441091	 - 	-6.992722906966527	 - 	-8.172127783280107	 - 	-8.419058137221283	 - 	-9.285208939734357	 - 
49.55	-9.61806232797417	 - 	-8.982471261863354	 - 	-9.469148446929081	 - 	-8.515684383578026	 - 	-7.812065057744259	 - 	-7.309830601077252	 - 	-7.569175242269278	 - 	-7.143875177964816	 - 	-8.322181658024562	 - 	-8.569112011965736	 - 	-9.435262814478811	 - 
54.78	-9.785264847693767	 - 	-9.146604832505306	 - 	-9.631798618284188	 - 	-8.671719677126186	 - 	-7.965991653024763	 - 	-7.461765088467884	 - 	-7.720087054327694	 - 	-7.293493836161705	 - 	-8.470800811283155	 - 	-8.717731165224329	 - 	-9.583881967737405	 - 
60.56	-9.949150956315885	 - 	-9.307698012093631	 - 	-9.791548956234402	 - 	-8.825444855545957	 - 	-8.117796898881348	 - 	-7.611755323459162	 - 	-7.869145200363022	 - 	-7.441372771449237	 - 	-8.617767912883663	 - 	-8.864698266824838	 - 	-9.730849069337912	 - 
66.95	-10.109736672922303	 - 	-9.465730895475891	 - 	-9.948360345627984	 - 	-8.976744481228456	 - 	-8.267340785722038	 - 	-7.759638376786637	 - 	-8.016175061313792	 - 	-7.587322728253238	 - 	-8.762882489503752	 - 	-9.009812843444927	 - 	-9.875963645958002	 - 
74.01	-10.267109128254141	 - 	-9.620761724532409	 - 	-10.102275669596972	 - 	-9.125600060034088	 - 	-8.41458507957679	 - 	-7.90535759327864	 - 	-8.161110584761346	 - 	-7.73126588331764	 - 	-8.906057693465916	 - 	-9.15298804740709	 - 	-10.019138849920166	 - 
81.82	-10.421944247841795	 - 	-9.773470827270437	 - 	-10.253976038988139	 - 	-9.272703133553762	 - 	-8.560224493839062	 - 	-8.049610910327974	 - 	-8.304651423556367	 - 	-7.8739041700698245	 - 	-9.047997294411486	 - 	-9.29492764835266	 - 	-10.161078450865734	 - 
90.46	-10.573863748895398	 - 	-9.923430664066574	 - 	-10.403009473995246	 - 	-9.417495997944084	 - 	-8.70366755032334	 - 	-8.191775049887875	 - 	-8.446158003204308	 - 	-8.014577459863927	 - 	-9.188025311556103	 - 	-9.434955665497277	 - 	-10.301106468010353	 - 
100.0	-10.723042790016065	 - 	-10.070799933137566	 - 	-10.549526083480416	 - 	-9.56009376165577	 - 	-8.845018133951971	 - 	-8.331943404611623	 - 	-8.58571835969302	 - 	-8.153367069248311	 - 	-9.326217903572848	 - 	-9.573148257514024	 - 	-10.439299060027098	 - 
